122092674
122093350
122093470
122097057
122101219
122103939
122104157
122105413
122105476
122108653
122110868
122125429
122134835
122134954
122165441
122166108
122173667
122174566
122175537
122176265
122190973
122192426
122199351
122205546
122289727
122337378
122340516
122342850
122350640
122355706
122358127
122423576
122427215
122429221
122432486
122470137
122478309
122482646
122538045
122540394
122545712
122551773
122566602
122568461
122625521
122706009
122717512
122724280
122782213
122792756
122848251
122848704
122856250
122889603
122900001
122913268
122918275
122936351
122971819
122973552
123009151
123016382
123057482
123083842
123105850
123134096
123137327
123141201
123162855
123168712
123177131
123242072
123253785
123295322
123298372
123307573
123320927
123326663
123343266
123417493
123424775
123432511
123438229
123439445
123454643
123503320
123515844
123589346
123594284
123597569
123632155
123682972
123715248
123773903
123796985
123828839
123843857
123846007
123853694
123902670
123956988
123959781
123970247
123972092
123975951
123977996
123987874
124027377
124041371
124109451
124112229
124116869
124134136
124137402
124142622
124186431
124188969
124195668
124262118
124329500
124339220
124358819
124404072
124405886
124417065
124430985
124440078
124465957
124468333
124470807
124480409
124498978
124506247
124539596
124542848
124545524
124560269
124573331
124585102
124616278
124625071
124658215
124685098
124692243
124718163
124763151
124766733
124768698
124774234
124866158
124876792
124914866
124916255
124920796
124926982
124970742
124975374
124992135
124998066
125043944
125048645
125073825
125136465
125154422
125208774
125217756
125282588
125286605
125293790
125364193
125367982
125375253
125446356
125449747
125461060
125551744
125555717
125559691
125665507
125670635
125679006
125697300
125759143
125763583
125770116
125775621
125781746
125852752
125860780
125869047
125926345
125931227
125990985
125994896
126041265
126061444
126066953
126110373
126137515
126156651
126194546
126214649
126221429
126258022
126264072
126267265
126274558
126280295
126289423
126302304
126336619
126353980
126358192
126379453
126414742
126417679
126425783
126447402
126478546
126482921
126487874
126495888
126498217
126540726
126553334
126557020
126560851
126572762
126610677
126612132
126620028
126622392
126632825
126641638
126686708
126699056
126706652
126716542
126722461
126764727
126768998
126779979
126840029
126843044
126847220
126857035
126862794
126867608
126872157
126920908
126924600
126927195
126930771
126945104
126947046
126981139
127041596
127043612
127045639
127047663
127049282
127068050
127111159
127118439
127121692
127196013
127201427
127203879
127207303
127268793
127271377
127274478
127280769
127343845
127346407
127348071
127349667
127352407
127354906
127358987
127419441
127422953
127425643
127430197
127432668
127436146
127441833
127514304
127516640
127521052
127558866
127561840
127567522
127591326
127629097
127630857
127634043
127641525
127643532
127646020
127648654
127653549
127887074
127889343
127891745
127894185
127896907
127899834
127912939
127920209
127987046
127992139
127994855
127996650
128000259
128006040
128009215
128011353
128017857
128042568
128051443
128054518
128070562
128073377
128075131
128077839
128112261
128114561
128129841
128133246
128136101
128139927
128143033
128181545
128184889
128194232
128197671
128211263
128215553
128219772
128224267
128263388
128274016
128276434
128280127
128293374
128296905
128301010
128303621
128349227
128360337
128362741
128365103
128376735
128380489
128384455
128387116
128443324
128446400
128449612
128452904
128455453
128459526
128498571
128501075
128503328
128516382
128518420
128520796
128531579
128534847
128537134
128540111
128546122
128595868
128597493
128599273
128601576
128603645
128606019
128658975
128660464
128663593
128665256
128667586
128676087
128684374
128687875
128690343
128773390
128776947
128779734
128824794
128826538
128830049
128849048
128852459
128854949
128857503
128860996
128918952
128950768
128954399
128958081
129009409
129014310
129017669
129021422
129035932
129038994
129041886
129087662
129090487
129112789
129116444
129119207
129125303
129128476
129176197
129177803
129179580
129182875
129184890
129195862
129201558
129203952
129246758
129248301
129250539
129255119
129273075
129276662
129279952
129282146
129284438
129322016
129323674
129325365
129327759
129330872
129356046
129361110
129368567
129415188
129423291
129425168
129428318
129431906
129434735
129441467
129446941
129498589
129508387
129511542
129513835
129525754
129528417
129531699
129534835
129538692
129579866
129589665
129591697
129593852
129596148
129598549
129602337
129605419
129620524
129620792
129672213
129674260
129676401
129678663
129701024
129704229
129707979
129710599
129751939
129754039
129756119
129758146
129768584
129772342
129775322
129778135
129780475
129820012
129821768
129823998
129826107
129840105
129845787
129855185
129897593
129900235
129902248
129904331
129918785
129926309
129929739
129932814
129935979
129972087
129974149
129976200
129978337
129980485
129986334
129988565
130002827
130007799
130011067
130071146
130073864
130076051
130079576
130082884
130086635
130104180
130146122
130148536
130163188
130165955
130190395
130193561
130196590
130236295
130238874
130241596
130244829
130247035
130249073
130252248
130255081
130269425
130275334
130320502
130334230
130336980
130339391
130341874
130352224
130356665
130395549
130398357
130406446
130412700
130414733
130416930
130431242
130434833
130440045
130447348
130492249
130494358
130498388
130500645
130502979
130518504
130524308
130529686
130534023
130583724
130595174
130599134
130602454
130604390
130613532
130618077
130660357
130662300
130665833
130668518
130670655
130673402
130676185
130696400
130708806
130756205
130762722
130765050
130768252
130771650
130776506
130781449
130833061
130835317
130837482
130840305
130849617
130852134
130854711
130858346
130861628
130864980
130870007
130873253
130904681
130907856
130910089
130911638
130913271
130914749
130915988
130917297
130930496
130936078
130938449
130969273
130972341
130973987
130977722
130979565
130983647
130985271
130987477
130989970
131003215
131006129
131043334
131045266
131047977
131050248
131052084
131054958
131072976
131078148
131081483
131085559
131089381
131133100
131135141
131137721
131140494
131142040
131144375
131146786
131153258
131156187
131159337
131210566
131212532
131214379
131216580
131230528
131234392
131237403
131240443
131243737
131284261
131286899
131288383
131290105
131291682
131293950
131305396
131308479
131311158
131317588
131321412
131356959
131358678
131360348
131371657
131373292
131375389
131386963
131389370
131393406
131396745
131428127
131429727
131431416
131433240
131434920
131456568
131459640
131461844
131464241
131467277
131551137
131553155
131559086
131560729
131562439
131563979
131573559
131575150
131576608
131578116
131580048
131593035
131596286
131600372
131604397
131641831
131643899
131657028
131660595
131672463
131675186
131678303
131681588
131717981
131719238
131720478
131729855
131732683
131734465
131736256
131749549
131752316
131755030
131757828
131791858
131793809
131796011
131813699
131816086
131822082
131825667
131828844
131834033
131836988
131839948
131843093
131885526
131887286
131891876
131894247
131896971
131899276
131901859
131904903
131907784
131911664
131948927
131951116
131959238
131960500
131962175
131973123
131975628
131977999
131980481
132007282
132008606
132009966
132018306
132020733
132022102
132023699
132034248
132036510
132038976
132042183
132044987
132078187
132094506
132096760
132104346
132107862
132110826
132115320
132118097
132157145
132173329
132175240
132177609
132189851
132193212
132196396
132199102
132237878
132252055
132254192
132256108
132287744
132327685
132329409
132330880
132332268
132333947
132335672
132358363
132362018
132400404
132402029
132403800
132406446
132410885
132413909
132566737
132569269
132575636
132579844
132584739
132589047
132619143
132625369
132631239
132702191
132705384
132708629
132713770
132715888
132737654
132743081
132748145
132778601
132827181
132831830
132835483
132838561
132842474
132863342
132869392
132887059
132956427
132962139
132965698
132970487
132975167
133076889
133080778
133083923
133086472
133091145
133094658
133097935
133114020
133116759
133190760
133194333
133198300
133202496
133204457
133207352
133210713
133213972
133316068
133336809
133340601
133346869
133352539
133368104
133372211
133427619
133429316
133432584
133434144
133447452
133450886
133453783
133483388
133485130
133486697
133488041
133489634
133492687
133494424
133496051
133506647
133508591
133514039
133520991
133565005
133569115
133571273
133581860
133585241
133588499
133591621
133638404
133640219
133642606
133644709
133646560
133657036
133660189
133662827
133665265
133668003
133670328
133672860
133676112
133713996
133717465
133733925
133736516
133739262
133742245
133745434
133748178
133751723
133757680
133798392
133800222
133801928
133804029
133805807
133808054
133810184
133836965
133876807
133879013
133880720
133882842
133885334
133887093
133904224
133907407
133910876
133913707
133916693
133919233
133948368
133949806
133952297
133969427
133971823
133974721
133977383
133980050
133982071
133983937
133985961
133987959
133990559
134029452
134032952
134036499
134039478
134042780
134045720
134048160
134050427
134054853
134057333
134090942
134097680
134101738
134104993
134109245
134112166
134115622
134125604
134129141
134132366
134166654
134169639
134172907
134175509
134188439
134191510
134194437
134198188
134200735
134203486
134207279
134214728
134218305
134250201
134253340
134256148
134259691
134262944
134266585
134269767
134274185
134277532
134280714
134284769
134291896
134348131
134393742
134397740
134402001
134421697
134430087
134437106
134440093
134476146
134478516
134481783
134485049
134488256
134491179
134494112
134498166
134502973
134506648
134529761
134532165
134534511
134548524
134552296
134556339
134559240
134562680
134566990
134572898
134607225
134613226
134617319
134622672
134627954
134632642
134716287
134719379
134722431
134726216
134730698
134734559
134735417
134737959
134774459
134792490
134796111
134799468
134802630
134807669
134812151
134814078
134843609
134861698
134865522
134868391
134872355
134876871
134879554
134881670
134883852
134886042
134928600
134930921
134933360
134937655
134941146
134944008
135002887
135004881
135006744
135008990
135011604
135013747
135054382
135055855
135062635
135065779
135068593
135071202
135071957
135198175
135201913
135203581
135206010
135207999
135210986
135213105
135215277
135226268
135235646
135243390
135246445
135284487
135292815
135295220
135307902
135313741
135318520
135321776
135325027
135328693
135331574
135337784
135388760
135392872
135396494
135399389
135403089
135407403
135411228
135414228
135417925
135420983
135423957
135474174
135477605
135487617
135490915
135494698
135497703
135500912
135555611
135559005
135561302
135564542
135567341
135569722
135572922
135575611
135579492
135581938
135583707
135626637
135634393
135637392
135643123
135646374
135649247
135651918
135695214
135700147
135703537
135707459
135710557
135718776
135722503
135725755
135730995
135784291
135787244
135790212
135792771
135795334
135802731
135807032
135809718
135813739
135818549
135862917
135872951
135876739
135882429
135888597
135891750
135894500
135897233
135902764
135954296
135957061
135972160
135974898
135978997
136009108
136028502
136038120
136041163
136050984
136053030
136055266
136093528
136096653
136099746
136102685
136105364
136107651
136115648
136117702
136119690
136121520
136159622
136162307
136165196
136180413
136183005
136185158
136189770
136191646
136194143
136196402
136238892
136242130
136247685
136252633
136255393
136259970
136269514
136272315
136283607
136332973
136344715
136347616
136353644
136359242
136361201
136363699
136365840
136367635
136413755
136417023
136419514
136425109
136428868
136432080
136440415
136442518
136444338
136446079
136447711
136495482
136498668
136508539
136518221
136520733
136522498
136570435
136572965
136575448
136577884
136582987
136585005
136593588
136595550
136599634
136649694
136651750
136662063
136666722
136670306
136671449
136672784
136732035
136734240
136736078
136738031
136740989
136746589
136749504
136763665
136810493
136813885
136815609
136817594
136827367
136829943
136832154
136834667
136847236
136894801
136897118
136899679
136901673
136911851
136913605
136915503
136917307
136928621
136946942
136980352
136982507
136984886
136993769
136995476
136997469
136999406
137001747
137024332
137061581
137063948
137065436
137077986
137079808
137081568
137098871
137102822
137107459
137111931
137114825
137142443
137144040
137145590
137152760
137154624
137156013
137165952
137168029
137170558
137174365
137176781
137180204
137221058
137225986
137227869
137229956
137243082
137246514
137249684
137251734
137256392
137258442
137281426
137282815
137292403
137297021
137299604
137310306
137313806
137317509
137359768
137362930
137376987
137378808
137381239
137384097
137388363
137391533
137394729
137401744
137464049
137466906
137472236
137476199
137480510
137483339
137486388
137489265
137492207
137495178
137551551
137554750
137558278
137564496
137568908
137571622
137575422
137628903
137640846
137644120
137652779
137655961
137695975
137698203
137702942
137704829
137706951
137709658
137713232
137717057
137720944
137770631
137772718
137774934
137777819
137780477
137784662
137787927
137793166
137797014
137802303
137859041
137876027
137882975
137887074
137890624
137899218
137938785
137940445
137947244
137956649
137959872
137962536
137965631
137976579
138024256
138028213
138030916
138034836
138037634
138040639
138061941
138068875
138116512
138119448
138123605
138130481
138134008
138150895
138154866
138158078
138160668
138227842
138230945
138233499
138236316
138238317
138240762
138249924
138252284
138254733
138256036
138290564
138293868
138296523
138299143
138302217
138304535
138307558
138347542
138350698
138353869
138356576
138362102
138365773
138367987
138370140
138372942
138374692
138376434
138429977
138435952
138447181
138449194
138451881
138454322
138459319
138461659
138463659
138472530
138475477
138477958
138523789
138527655
138533686
138536515
138539271
138542300
138544817
138547032
138550952
138553256
138555596
138557851
138559283
138607003
138609714
138612698
138614959
138617734
138619752
138621609
138623930
138625970
138627580
138628960
138633489
138635678
138684409
138691850
138694033
138696109
138715353
138717607
138719122
138721658
138723351
138725522
138727794
138730319
138773461
138776012
138779082
138781111
138783225
138784724
138786122
138823422
138826768
138829480
138833876
138837866
138852670
138855190
138856427
138857926
138859294
138860693
138910422
138914970
138917434
138919670
138922318
138924663
138927806
138929625
138931781
138934340
138959158
139001707
139004667
139008324
139009896
139012644
139014506
139016673
139030314
139034150
139036721
139040022
139046036
139050756
139089931
139096970
139099291
139102503
139104832
139108120
139112459
139115362
139122311
139126859
139165485
139167003
139170188
139171870
139173329
139175564
139190833
139193387
139197740
139202033
139205914
139243895
139245648
139247053
139249420
139251253
139269380
139272562
139277151
139285161
139287567
139323300
139324693
139327093
139330086
139332517
139334793
139338033
139340963
139344813
139347023
139348886
139351207
139353042
139394420
139396247
139398231
139401356
139405899
139408450
139413106
139416412
139419922
139422156
139424528
139426264
139428701
139430693
139468787
139471988
139475070
139477962
139482620
139485704
139492249
139495788
139498824
139502255
139504919
139508439
139510582
139556704
139562827
139566419
139570743
139573198
139577229
139579535
139581873
139586156
139590027
139634988
139638360
139642453
139648850
139651949
139654886
139658284
139662825
139665369
139668472
139671589
139675033
139721839
139724466
139727670
139730530
139733950
139738333
139741110
139743617
139746010
139749680
139752206
139754091
139755943
139802501
139805202
139808532
139811908
139818946
139826011
139828972
139835690
139869359
139875829
139880749
139883296
139886974
139890907
139893070
139896667
139901295
139902769
139950377
139954513
139960362
139963435
139966962
139968808
139971571
139975036
139978871
139982352
139988668
140062235
140065704
140069455
140072605
140075762
140078787
140083069
140085542
140087840
140097761
140103768
140111475
140156679
140160112
140162335
140168655
140173881
140185338
140228359
140231788
140234576
140237657
140241800
140245302
140248881
140253433
140256164
140261570
140320798
140323453
140325452
140326204
140341647
140343990
140346322
140349018
140360179
140365102
140369516
140374348
140421150
140424606
140428502
140430851
140434851
140442129
140445650
140449852
140451037
140452159
140455438
140455849
140498270
140498960
140500593
140501602
140503519
140504517
140506241
140508484
140509246
140511636
140512549
140515343
140516859
140519674
140522771
140523810
140525502
140597284
140597426
140600777
140601733
140605516
140606215
140609420
140609865
140611852
140612508
140614765
140615481
140617207
140618536
140731845
140732439
140734492
140735115
140737003
140737903
140740863
140743656
140744660
140748434
140749411
140751390
140754829
140819385
140820091
140821654
140822511
140824290
140825179
140827099
140828655
140832155
140832919
140835998
140836380
140839313
140839388
140847126
140907490
140908055
140912016
140914526
140914969
140917394
140919100
140921297
140924526
140926339
140927597
140929949
140930596
140970283
140973132
140973892
140975397
140976435
140978344
140978717
140980165
140985555
140986506
140988308
140989483
140991191
140992169
140993739
140994526
140996019
140996309
141030839
141032190
141032580
141033982
141034321
141035886
141036931
141038023
141043696
141054986
141057114
141058070
141059642
141060940
141062109
141063452
141064262
141117688
141118499
141120657
141121777
141123665
141125270
141126995
141129098
141129485
141132090
141132647
141134737
141135868
141137057
141139040
141139574
141142081
141193703
141197279
141198564
141200773
141202507
141210425
141211322
141215415
141226580
141277153
141282784
141287481
141293203
141298434
141302406
141306397
141313248
141319659
141356879
141360171
141360425
141363363
141368211
141371747
141379688
141384047
141388664
141391828
141395171
141438280
141443057
141448357
141452907
141458750
141465761
141469672
141472708
141517417
141520825
141526452
141530275
141535213
141538945
141541755
141545243
141548366
141591985
141600318
141602301
141603133
141607637
141608174
141610031
141610542
141612165
141612485
141614419
141614613
141665695
141674966
141688827
141694955
141698615
141761420
141762188
141764464
141764833
141766729
141767663
141768954
141770040
141771531
141782243
141824197
141830897
141834786
141838645
141854227
141854327
141856120
141857336
141872775
141918080
141925334
141941202
141942930
141943372
141945480
141945864
141947410
141949892
141950230
141953860
141956450
142005344
142007188
142007655
142009246
142009335
142010966
142012561
142013969
142019482
142019612
142021729
142022369
142024456
142025722
142027593
142079293
142080933
142081189
142082366
142082785
142083803
142084561
142085858
142086474
142087857
142088927
142089750
142096413
142099693
142102465
142112616
142168749
142189809
142192990
142193228
142196141
142196688
142199114
142199590
142201663
142202007
142235600
142236207
142238613
142258502
142261867
142263936
142266869
142267666
142269903
142273465
142278612
142308971
142312931
142317141
142321291
142326729
142327986
142329014
142330858
142332344
142337193
142340058
142340872
142389199
142393649
142398365
142402998
142408351
142426133
142427396
142428942
142432299
142486582
142492528
142500950
142510836
142517742
142536229
142537691
142539417
142540732
142544332
142583898
142588359
142594464
142607713
142609954
142610785
142612188
142613670
142614604
142639447
142646175
142655242
142662616
142674232
142682555
142683531
142685549
142686490
142726292
142727629
142731316
142734121
142755263
142764665
142769421
142771149
142822555
142832469
142832786
142835144
142838975
142840580
142843406
142844102
142846713
142847772
142856469
142917838
142919383
142927613
142931384
142931636
142933844
142934595
142936399
142937761
142939221
142941238
142943373
142944304
142971200
142975014
142979505
142985624
142990234
143010357
143012827
143013449
143015821
143015993
143019564
143020399
143048324
143063344
143082057
143120895
143127112
143133660
143137489
143144939
143160936
143161298
143162532
143163158
143164248
143164679
143191285
143195571
143200801
143207833
143212939
143219319
143229130
143276759
143284823
143286998
143288421
143292541
143295426
143296064
143298141
143299306
143300821
143302237
143361619
143367442
143375312
143381050
143389614
143391352
143392496
143394084
143396492
143396687
143398997
143399222
143400960
143402340
143404534
143404568
143453065
143459468
143462982
143466049
143469844
143482240
143484572
143485129
143487082
143488327
143490079
143491350
143494516
143546601
143549113
143552505
143554925
143555376
143561992
143563594
143567574
143567858
143570799
143571261
143574738
143574915
143619322
143621553
143626258
143629280
143629422
143631598
143640819
143644366
143645441
143648150
143648760
143682440
143684415
143690124
143692104
143692270
143694206
143694744
143696960
143697160
143699393
143700986
143702602
143704134
143708913
143768468
143773092
143776963
143785660
143803443
143834659
143837826
143841195
143844540
143855420
143859210
143859665
143865675
143865715
143869703
143871166
143873902
143874707
143917825
143921748
143935436
143940176
143952655
143956815
143957253
144022660
144024385
144033443
144034701
144038871
144038961
144041812
144044267
144044348
144075494
144078907
144083160
144087358
144092386
144096659
144102928
144120654
144124673
144127425
144127568
144157689
144161620
144166891
144175154
144183845
144206537
144209174
144212454
144216979
144233044
144239154
144244558
144296862
144300263
144302538
144317949
144319919
144322186
144324272
144327226
144328910
144377347
144378388
144381934
144384002
144387046
144387734
144391914
144392793
144395714
144396020
144400751
144401036
144460953
144461406
144463867
144465749
144469543
144474454
144475138
144477300
144480215
144480961
144482597
144483521
144485851
144531032
144539940
144542895
144544856
144547969
144553815
144554135
144555539
144557866
144559879
144562056
144605581
144612696
144618490
144624035
144627369
144631569
144636367
144636473
144638312
144680037
144680187
144682634
144692483
144696340
144697433
144698927
144699496
144701024
144701586
144753251
144770570
144773883
144777751
144782087
144788012
144793727
144796298
144796505
144934866
144939005
144948328
144964546
145031396
145031941
145033633
145035177
145035644
145038018
145038535
145039946
145041069
145058333
145134006
145151450
145154274
145155391
145159904
145160482
145164343
145165248
145206851
145209967
145214522
145219243
145231323
145269449
145271993
145273355
145274270
145275283
145278385
145280391
145281071
145283308
145284064
145287584
145287648
145338490
145343361
145368064
145368157
145371616
145374763
145375334
145436654
145437176
145439704
145440635
145444885
145445808
145448593
145454688
145513140
145514290
145515267
145517789
145519214
145522127
145529702
145532559
145533045
145542666
145543584
145602891
145603295
145605795
145608409
145609065
145612363
145612792
145616662
145617604
145619977
145621204
145623101
145627609
145627810
145630961
145633340
145696425
145697204
145705944
145708579
145708736
145710894
145711650
145713575
145714777
145717821
145720893
145723552
145725375
145726300
145727240
145769521
145770604
145771986
145774006
145775639
145776739
145777738
145779513
145780490
145782054
145782829
145784401
145784579
145786628
145786923
145788954
145789070
145790713
145791728
145830420
145830954
145833449
145834333
145837339
145837704
145840971
145844149
145846344
145848133
145849344
145851245
145852671
145854254
145926778
145927150
145929927
145930430
145933776
145935358
145937679
145938957
145940148
145942630
145944383
145945773
145946992
145949651
145949733
145953165
146005701
146018761
146029943
146071315
146078456
146085028
146092105
146099928
146111320
146114403
146116638
146116851
146183105
146183506
146186024
146186847
146188999
146189099
146195366
146195775
146198019
146198606
146201251
146201321
146250018
146255362
146264803
146269697
146272716
146280455
146281847
146282350
146284152
146284268
146316506
146323583
146324759
146349313
146351655
146380026
146382397
146383871
146386635
146387868
146390307
146393798
146446054
146452351
146466650
146469375
146469664
146472097
146472401
146474415
146475509
146535924
146541737
146558502
146560322
146563568
146566837
146574294
146574949
146576929
146577288
146579979
146580043
146627819
146628463
146634929
146637684
146642856
146651956
146658563
146660762
146662596
146690432
146690466
146703027
146703426
146705245
146706622
146707624
146715462
146751507
146752298
146753319
146754962
146755074
146756847
146757139
146785673
146786528
146788192
146797444
146800374
146802167
146804160
146805627
146830386
146830549
146831833
146832848
146833701
146836063
146837386
146841013
146845879
146848586
146855353
146912761
146915274
146918491
146923939
146934911
146937108
146937588
146984130
146984690
146986114
146990860
146991740
146993622
146999737
146999930
147003059
147003130
147006942
147007145
147020077
147021590
147082898
147090155
147095862
147096900
147104039
147105387
147107646
147109408
147110001
147111975
147112408
147115448
147115766
147117504
147117640
147158017
147159101
147160835
147161718
147166399
147168786
147170513
147172726
147172987
147175221
147175282
147177838
147177886
147236702
147236794
147239482
147239586
147245239
147249849
147255774
147258944
147268723
147268843
147320030
147321743
147323246
147324501
147327898
147329264
147330372
147332095
147332926
147334895
147335870
147338500
147339764
147339857
147388990
147394915
147399918
147406638
147410895
147421848
147424501
147424681
147477072
147480770
147485636
147491762
147498719
147506406
147515184
147515564
147517181
147517746
147566728
147567472
147571713
147580060
147591623
147594605
147594950
147596958
147599260
147600294
147602168
147602870
147604439
147605531
147670292
147670377
147673154
147673772
147675741
147677221
147681953
147683286
147684316
147731148
147741645
147747105
147748002
147750126
147753017
147755428
147756158
147759228
147762003
147762227
147764157
147764600
147766422
147768397
147828248
147829549
147833096
147840307
147843315
147843988
147845498
147846630
147847734
147849653
147851857
147853876
147855682
147857417
147859049
147859171
147903717
147908768
147920586
147920901
147922326
147922875
147924392
147924651
147926600
148337155
148163330
148562832
148026852
148782465
148341043
148853893
148584920
148256673
148586927
148022851
148269263
148788579
148671562
148332395
148166517
148018588
148165541
148327351
148480641
148430090
148480018
148770016
148786185
148083164
148006286
148577755
148661961
148663896
148267743
148496671
148855804
148575625
148765182
148777517
148340399
148574412
148272055
148781375
148024632
148567135
147931762
148572778
147928572
148570619
147930248
148086782
148760780
148171956
148656507
148492695
148413632
148265050
148664773
148091114
148493955
148262646
148088317
148337688
148857783
148674484
148587749
148672319
148332353
148789095
148666432
148494633
148264167
148152866
148580132
148026995
148676204
148572393
148867683
148009674
148499668
148667068
148254328
148673753
148022569
148155696
148504879
148024923
148258949
148006059
148152017
148485631
148430344
148164442
148328054
148426943
147932041
148779241
148020927
148008229
148000484
148658464
148169152
148658602
148862998
148334864
148013211
148482515
148167700
148160515
148256690
148498869
148668914
148091735
148271115
148582089
148086066
148773872
148334656
148496465
148158194
148432812
148262018
148259375
148339104
148498289
148761114
148158813
148020256
148502636
148260814
148161265
148660718
148669205
148482751
148254625
148852805
148015894
148578509
148500566
148424795
148083697
148018768
148432656
148323657
148871790
148871218
